#N	hous	hous_l	hous_h	sing	sing_l	sing_h	qrpiv	qrpiv_l	qrpiv_h	qr	qr_l	qr_h	lu	lu_l	lu_h	
1	0.002	0.000	0.015	0.002	0.000	0.021	0.000	0.000	0.000	0.000	0.000	0.000	0.001	0.000	0.010	
2	0.001	0.000	0.010	0.000	0.000	0.000	0.000	0.000	0.000	0.000	0.000	0.000	0.000	0.000	0.000	
4	0.000	0.000	0.000	0.000	0.000	0.000	0.000	0.000	0.000	0.000	0.000	0.000	0.000	0.000	0.000	
8	0.000	0.000	0.000	0.000	0.000	0.000	0.000	0.000	0.000	0.000	0.000	0.000	0.000	0.000	0.000	
16	0.000	0.000	0.000	0.000	0.000	0.000	0.000	0.000	0.000	0.000	0.000	0.000	0.000	0.000	0.000	
32	0.000	0.000	0.000	0.000	0.000	0.000	0.000	0.000	0.000	0.000	0.000	0.000	0.000	0.000	0.000	
64	0.009	0.000	0.018	0.036	0.021	0.051	0.010	0.010	0.010	0.009	0.000	0.018	0.002	0.000	0.015	
128	0.059	0.050	0.068	0.283	0.269	0.297	0.061	0.052	0.070	0.060	0.060	0.060	0.027	0.013	0.041	
256	1.066	0.693	1.439	7.227	6.442	8.012	1.071	0.561	1.581	1.114	0.704	1.524	0.133	0.119	0.147	
